54610 1
29265 2
28602 3
39460 4
42202 5
21776 6
25821 7
26158 8
34515 9
40272 10
34713 11
19605 12
39086 13
55245 14
50962 15
22967 16
34947 17
25534 18
30324 19
39088 20
42245 21
16174 22
26925 23
39757 24
52767 25
22286 26
33422 27
33889 28
18319 29
32933 30
31400 31
21734 32
40464 33
20260 34
45162 35
49914 36
56799 37
29219 38
57368 39
46720 40
55948 41
18461 42
40314 43
23130 44
51709 45
59356 46
21044 47
45115 48
27013 49
54823 50
28695 51
57520 52
24390 53
23803 54
39532 55
17664 56
47783 57
31955 58
45557 59
21604 60
34449 61
31962 62
19477 63
24220 64
41050 65
27985 66
35914 67
33689 68
27601 69
34836 70
21995 71
19782 72
23053 73
13385 74
33844 75
49381 76
21902 77
58261 78
39240 79
50949 80
24319 81
53978 82
31916 83
60096 84
24538 85
19118 86
52951 87
42182 88
54795 89
47737 90
34017 91
47356 92
41788 93
41772 94
21410 95
33226 96
50943 97
42307 98
44865 99
16810 100
43648 101
40096 102
28378 103
60423 104
46943 105
48749 106
27402 107
25758 108
31248 109
30215 110
57935 111
47196 112
38630 113
32136 114
38263 115
49027 116
41325 117
22037 118
32962 119
18651 120
46976 121
51926 122
24424 123
51383 124
46539 125
39301 126
51872 127
43433 128
40596 129
44995 130
31259 131
23989 132
56388 133
27597 134
55464 135
21700 136
32108 137
21028 138
27047 139
38858 140
21042 141
20208 142
31467 143
22310 144
48122 145
16170 146
33378 147
55317 148
35155 149
100132 150
53635 151
22982 152
51282 153
16520 154
55286 155
34854 156
28355 157
22684 158
21037 159
45914 160
19853 161
54004 162
28180 163
22156 164
26248 165
41119 166
17848 167
54802 168
16407 169
35191 170
45634 171
53033 172
22097 173
49862 174
53097 175
40520 176
57813 177
17693 178
52732 179
59131 180
18896 181
23631 182
60254 183
37605 184
46062 185
31394 186
52828 187
32970 188
17738 189
27277 190
42805 191
17153 192
30273 193
31256 194
57317 195
51426 196
24248 197
27576 198
59536 199
17145 200
53287 201
56422 202
33481 203
29771 204
20626 205
46764 206
22791 207
47974 208
38069 209
37275 210
33331 211
33429 212
16221 213
17675 214
33302 215
29795 216
24350 217
45610 218
50958 219
28277 220
20375 221
59935 222
34922 223
28569 224
45544 225
56116 226
57237 227
26413 228
40426 229
27646 230
53207 231
55583 232
31217 233
19232 234
48091 235
45364 236
51212 237
32081 238
24878 239
47020 240
18250 241
29263 242
34054 243
31757 244
25105 245
22794 246
42210 247
23648 248
54391 249
28210 250
100176 251
56344 252
52988 253
53867 254
24967 255
28987 256
33892 257
45699 258
23008 259
32981 260
12210 261
28718 262
52248 263
56061 264
27142 265
52932 266
15006 267
22874 268
42157 269
33102 270
27198 271
9872 272
676 273
60543 274
48714 275
42290 276
39141 277
45039 278
29048 279
100228 280
60831 281
60703 282
24729 283
56841 284
22828 285
40500 286
32727 287
43609 288
50848 289
31116 290
27655 291
23571 292
38531 293
41667 294
58902 295
53574 296
53816 297
31928 298
47191 299
59126 300
47964 301
52282 302
32012 303
26697 304
26764 305
22020 306
42951 307
25587 308
58547 309
31232 310
53228 311
51774 312
32084 313
19114 314
